1005

993 1178 1171 278 320 382 394 437 323 132 1 5
993 1178 1171 278 468 465 475 155 864 401 4 5
390 419 415 106 570 465 475 155 864 401 9 3
602 991 958 954 396 465 475 155 864 401 1 0
993 684 668 333 348 969 808 337 2 5
602 991 958 295 525 611 576 587 1062 925 223 1 0
390 419 415 106 665 671 660 1138 925 223 2 3
361 742 724 380 396 465 475 155 864 401 4 5
361 742 724 435 52 62 678 469 1 5
602 991 958 295 525 641 52 62 678 469 1 0
92 849 841 1015 397 54 52 62 678 469 4 2
602 991 958 1031 1186 915 783 797 142 134 4 0
390 419 415 557 536 549 1052 69 1 3
390 419 415 106 536 549 1052 69 1 3
602 991 958 1031 870 212 620 882 900 728 312 1 0
683 814 802 801 806 832 583 348 7 2
92 849 841 1015 192 193 205 110 142 134 1 2
588 152 127 435 190 193 205 110 142 134 1 0
390 419 415 620 882 900 728 312 1 3
617 96 86 801 806 832 583 348 3 4
617 96 86 45 880 780 436 440 1051 263 2 4
236 747 725 193 205 110 142 134 4 3
617 96 86 45 880 780 436 439 1149 410 1 4
92 849 841 843 436 439 1149 410 6 2
361 742 734 408 1164 50 5 5
979 955 435 190 193 205 110 142 134 2 1
1029 529 526 466 1094 436 439 1149 410 1 1
1029 529 526 525 177 1187 1199 392 141 2 1
617 96 86 85 90 729 162 1 4
1029 529 526 297 308 1105 369 1 1
796 1146 290 276 1091 917 947 1012 72 382 4 1
979 955 958 954 396 408 1164 50 5 1
796 1146 290 276 581 627 845 869 776 283 7 1
1029 529 526 466 4 6 33 779 148 4 1
979 955 435 497 6 33 779 148 1 1
683 1162 1151 277 845 869 776 283 1 2
314 996 454 445 381 845 869 776 283 2 4
1070 1057 1092 396 408 1164 50 6 2
314 949 917 947 1012 72 382 3 4
158 291 277 845 869 776 283 1 1
588 152 127 155 864 401 7 0
349 1106 1093 625 620 882 900 728 312 8 1
349 1106 1093 1090 1015 311 316 198 330 4 1
349 1106 1093 625 575 582 928 986 380 4 1
894 473 940 915 912 6 33 779 148 9 4
894 473 940 915 396 408 1164 50 2 4
215 527 525 177 1187 1199 392 141 1 1
215 527 525 641 1032 1041 524 395 3 1
215 527 525 641 882 900 728 312 1 1
65 52 62 678 469 4 3
349 968 952 466 4 6 33 779 148 2 1
349 1106 1093 625 620 950 960 612 1 3 1
894 473 940 915 912 916 942 409 4 4
714 699 1185 844 845 869 776 283 3 5
215 527 525 177 1000 1003 1143 82 4 1
979 955 526 297 1080 916 942 409 1 1
349 968 952 951 950 960 612 1 3 1
314 1079 1059 620 950 960 612 1 1 4
458 446 1001 950 960 612 1 5 2
270 250 620 950 960 612 1 1 1
215 527 525 177 35 950 960 612 1 3 1
270 250 570 537 553 727 118 169 6 1
65 52 51 60 562 506 11 13 3
714 699 1002 1012 72 382 9 5
458 446 1002 1012 72 382 3 2
103 88 1002 1012 72 382 11 1
103 1053 1034 1050 1164 50 1 1
270 250 620 212 222 942 409 1 1
242 228 1080 916 942 409 5 4
513 1142 1120 570 537 553 727 118 169 1 0
819 803 800 1172 212 222 942 409 2 2
513 498 911 912 916 942 409 3 0
1103 230 225 1000 1003 1143 82 2 3
714 699 1185 611 576 587 1062 339 1 5
513 498 350 1094 1113 571 218 3 0
819 803 35 950 960 612 1 7 2
894 473 940 293 932 468 5 4
714 699 1185 436 440 1066 125 1 5
602 580 576 587 1062 339 2 0
242 228 1058 1072 1143 82 3 4
819 803 800 1150 770 537 553 727 118 169 2 2
615 174 134 128 156 788 290 4 1
819 803 1115 1119 1138 925 223 5 2
767 753 436 440 1066 125 1 4
656 673 665 672 932 468 5 3
112 106 665 672 932 468 5 1
161 130 1032 1041 524 395 3 2
714 645 393 1169 246 7 5
819 803 800 801 802 1153 1169 246 2 2
688 354 1010 1002 1012 72 382 2 4
349 146 126 134 1153 1169 246 1 1
819 803 805 5 28 318 297 1 2
452 984 218 212 222 942 409 3 5
242 860 844 845 869 776 283 7 4
215 210 211 436 440 1066 125 4 1
1060 859 843 436 440 1066 125 3 1
650 765 753 436 440 1066 125 1 4
458 446 915 939 426 4 4 2
650 765 753 275 283 777 430 5 4
1019 1015 311 316 198 330 1 1
49 45 1058 1072 1143 82 1 2
49 45 320 418 428 182 3 2
242 228 241 165 460 7 4
349 146 126 134 128 127 149 27 8 1
656 643 1115 1119 1136 313 281 9 3
1019 1015 841 516 418 428 182 4 1
161 795 783 50 516 418 432 333 1 2
373 357 6 33 779 148 1 5
215 210 1170 1175 961 84 3 1
656 643 770 1186 1193 432 333 7 3
1019 1015 311 1153 1169 246 5 1
221 317 311 1153 1169 246 2 1
314 1079 1059 576 587 139 6 4
49 45 581 608 584 346 4 2
602 580 575 584 346 4 0
452 984 971 206 193 1 10 511 31 3 5
979 955 978 794 372 3 1
452 984 956 986 380 4 5
996 454 445 381 575 584 346 1 3
343 331 575 584 346 1 2
683 668 45 581 608 584 346 1 2
666 668 45 581 608 584 346 1 5
666 668 333 277 1121 1119 1136 313 281 7 5
236 226 310 192 202 392 141 4 3
1184 1172 1170 1175 961 84 9 3
236 226 435 497 508 1052 69 11 3
666 668 333 277 1121 1119 1139 151 2 5
993 958 1031 1186 1193 432 333 1 5
1069 1057 516 418 432 333 4 3
1110 1094 418 432 333 6 2
236 226 953 957 989 265 1 3
1069 1057 297 275 1153 1169 246 13 3
666 668 620 1059 576 587 139 6 5
650 642 212 222 942 409 7 4
650 642 720 667 677 366 9 4
688 670 667 677 366 11 4
666 668 333 246 253 2 8 5
666 211 436 439 55 1 5
666 676 476 465 1056 1065 798 471 3 5
666 676 547 536 106 436 439 55 1 5
615 404 983 955 978 794 372 7 1
1019 1015 841 851 608 584 346 3 1
288 31 5 28 318 297 3 0
236 226 435 437 323 132 1 3
343 331 1115 1119 1139 151 5 2
993 958 956 986 380 32 5
1110 943 916 942 409 2 2
314 310 312 830 220 8 4
993 958 802 817 21 1 5
389 381 575 584 346 3 4
697 699 1185 436 439 55 7 5
314 310 447 460 266 11 4
697 698 711 127 8 5
394 437 323 132 1 3
245 447 460 266 1 5
389 381 415 1171 278 293 932 468 1 4
970 93 85 871 575 584 346 5 0
970 93 85 1094 1113 571 218 1 0
245 247 536 546 829 936 332 4 5
767 25 4 5 28 318 297 1 4
245 247 525 496 667 682 169 200 5 5
697 835 1170 1174 599 236 1 5
697 835 837 961 84 18 5
666 665 671 660 406 12 5
394 382 952 951 961 84 7 3
389 381 620 951 962 414 7 4
1069 1057 1092 1101 344 2 3
993 958 956 988 272 1 5
394 382 380 1118 1135 458 3 3
697 835 516 535 542 256 10 5
389 381 177 1186 1193 432 333 5 4
288 276 581 608 584 346 4 0
389 381 177 1186 575 584 346 3 4
245 381 177 1186 575 584 346 2 5
394 382 952 964 130 3 3
697 228 55 75 360 6 5
650 642 643 570 572 295 1 4
1069 231 964 130 19 3
697 699 698 711 127 1 5
133 783 50 516 535 542 256 3 5
133 783 396 915 939 426 4 2 5
343 331 1115 1119 1138 431 2 2
349 333 277 1121 1119 1138 431 1 1
597 1145 1121 1119 1138 431 2 4
349 333 348 624 427 2 1
133 130 641 882 620 624 427 13 5
666 883 884 620 624 427 12 5
697 882 620 624 427 2 5
650 642 643 1120 1143 82 2 4
236 226 953 956 988 272 20 3
666 883 1080 297 308 111 1 5
245 1187 1186 575 584 346 2 5
133 783 396 954 977 388 3 5
996 454 445 468 489 204 3 3
245 381 445 468 489 204 7 5
697 835 468 489 204 4 5
133 56 84 424 467 7 5
288 276 581 607 210 5 0
993 958 992 10 3 5
306 297 308 111 1 4
133 128 156 450 6 5
847 840 228 2 1121 1148 76 308 1 2
133 783 50 516 535 540 165 460 2 5
970 93 85 395 1119 1138 431 6 0
373 1084 240 227 958 992 10 15 5
245 1187 1151 578 951 962 414 11 5
700 695 912 1121 1148 76 308 1 2
1076 595 578 951 962 414 4 0
733 723 643 1120 1143 82 1 2
700 695 54 55 75 360 7 2
796 1146 1121 1119 1138 431 3 1
640 611 36 395 1119 1138 431 6 5
615 611 36 395 1119 1138 431 4 1
92 85 395 1119 1138 431 4 2
666 883 882 620 624 427 4 5
357 356 297 308 111 4 5
666 883 884 800 808 337 7 5
349 333 348 969 359 2 1
847 972 1072 1143 82 2 2
357 356 625 630 961 84 3 5
640 995 497 507 331 15 5
343 331 1115 1124 311 16 2
133 1033 800 808 337 22 5
702 1042 777 430 11 0
666 844 864 401 19 5
588 576 587 139 3 0
357 885 771 776 283 15 5
1069 128 156 450 6 3
0 570 572 295 29 5
373 1084 240 227 958 951 962 414 1 5
357 359 995 497 507 331 4 5
357 359 995 1034 1048 426 4 5
373 1084 240 227 239 464 6 5
669 667 682 169 200 3 5
245 381 415 330 340 336 936 332 10 5
666 675 975 748 270 25 5
373 1084 1080 297 308 111 1 5
640 446 626 625 630 961 84 7 5
245 446 626 625 630 961 84 12 5
0 721 724 917 948 417 4 5
394 382 380 1056 1062 339 9 3
357 210 1056 1062 339 8 5
242 809 801 800 808 337 2 4
883 884 800 808 337 3 5
245 446 626 841 848 358 12 5
669 516 841 848 358 1 5
357 359 320 497 507 331 2 5
357 359 320 497 509 404 3 5
577 6 497 509 404 11 5
92 85 225 233 166 9 2
0 570 1120 1143 82 6 5
577 321 468 489 204 3 5
669 190 1034 1048 426 17 5
357 359 355 1034 1048 426 7 5
357 359 355 1034 1049 99 1 5
883 995 1034 1049 99 11 5
577 397 1034 1049 99 13 5
577 397 1034 1054 153 11 5
847 732 722 731 230 4 2
1187 1151 722 731 230 3 5
357 358 955 980 340 5 5
804 803 800 808 337 3 5
245 446 295 300 817 21 2 5
245 446 1001 1005 474 8 5
669 950 35 37 420 6 5
0 250 35 37 420 14 5
883 835 770 775 219 1 5
669 55 75 360 13 5
357 210 213 343 2 5
1069 128 127 155 192 19 3
133 1001 1005 474 3 5
1032 417 424 467 13 5
416 538 525 295 300 817 21 8 5
804 1033 397 1034 1054 153 1 5
1187 954 1056 1062 339 11 5
669 516 535 539 411 1 5
697 381 415 330 340 336 936 332 14 5
697 699 718 784 355 3 5
1187 350 771 776 283 8 5
577 752 782 792 19 6 5
245 805 951 962 414 4 5
133 625 630 961 84 3 5
894 881 917 948 417 8 4
804 1033 397 411 227 16 5
883 88 1185 53 73 455 6 5
804 801 800 808 337 4 5
245 805 108 124 445 14 5
669 190 194 336 1 5
1187 753 764 101 15 5
700 695 704 288 8 2
577 321 465 471 284 6 5
288 276 581 609 106 2 0
617 611 780 784 355 22 4
617 611 249 268 432 333 3 4
697 696 418 432 333 3 5
996 995 497 509 404 2 3
416 1186 770 775 219 10 5
1032 417 782 792 19 14 5
804 297 308 111 14 5
288 276 289 35 1 0
577 310 313 281 4 5
270 244 411 227 6 1
669 555 835 516 535 539 411 1 5
1029 1017 469 698 535 539 411 3 1
1029 1017 1015 841 848 358 16 1
669 555 226 580 601 76 37 5
697 696 751 759 837 961 84 2 5
883 131 134 170 584 346 7 5
996 995 193 190 194 336 13 3
357 359 467 483 599 236 10 5
1187 495 504 68 187 16 5
940 915 939 426 4 8 5
245 805 108 557 564 254 4 5
577 108 557 564 254 13 5
804 803 820 776 283 5 5
996 995 845 627 637 135 1 3
804 297 106 111 318 8 5
133 125 127 155 192 7 5
1029 1017 469 1118 1134 71 1 1
577 1185 53 69 196 3 5
883 870 53 69 196 12 5
883 870 53 72 382 21 5
804 801 395 1119 1137 109 16 5
357 359 1057 1092 1102 181 5 5
883 870 212 223 233 3 5
872 870 212 223 233 6 5
996 995 193 209 379 29 3
697 696 626 634 137 18 5
537 382 750 754 293 1 5
390 382 750 754 293 5 3
1029 1017 1030 1036 438 22 1
416 1017 1030 1036 438 11 5
361 355 1034 1054 153 8 5
357 358 955 981 116 9 5
883 901 151 98 1 5
669 35 37 420 9 5
245 250 835 516 519 309 1 5
669 667 678 469 5 5
733 723 643 658 313 18 2
804 1033 465 471 284 5 5
640 643 658 313 9 5
577 579 599 236 10 5
733 723 535 539 411 5 2
577 752 1119 1137 109 7 5
640 436 439 55 14 5
1187 627 637 135 5 5
1187 627 638 74 5 5
306 1024 631 194 15 4
1187 1151 1161 408 16 5
1187 1151 1165 315 6 5
1032 105 871 495 504 68 187 7 5
894 881 36 627 638 74 2 4
847 840 228 241 762 142 9 2
1032 641 882 667 678 469 1 5
577 470 515 106 111 318 1 5
1187 350 1121 1119 1137 109 2 5
537 1000 225 579 599 236 10 5
872 870 1031 958 955 981 116 5 5
894 881 36 43 131 4 4
669 555 558 1063 291 2 5
1187 350 1152 1167 448 10 5
361 355 1034 1056 1062 339 2 5
416 1017 1171 771 779 148 1 5
373 1084 240 1038 173 4 5
416 1017 106 111 318 2 5
640 436 106 111 318 1 5
883 6 2 228 241 762 142 6 5
804 1033 397 410 466 11 5
416 320 1185 53 72 382 3 5
996 995 1185 53 72 382 2 3
245 250 835 1092 1102 181 9 5
872 870 212 219 33 32 5
640 870 212 219 33 1 5
640 870 212 220 437 1 5
0 720 727 118 169 1 5
245 805 802 815 9 2 5
4 805 802 815 9 1 5
133 625 1093 1105 369 6 5
796 783 1093 1105 369 4 1
669 686 487 229 16 5
640 643 661 335 4 5
640 645 828 373 2 5
359 467 483 599 236 2 5
577 592 471 284 4 5
359 995 1185 1190 245 29 5
883 1185 1190 245 1 5
556 516 519 309 7 5
4 6 497 510 567 239 10 5
4 871 85 333 1119 1137 109 6 5
556 1015 1021 507 331 9 5
416 579 599 236 7 5
1032 417 782 789 443 17 5
721 885 771 779 148 18 4
296 1034 1056 1062 339 10 5
296 45 1056 1062 339 4 5
416 320 323 132 11 5
537 380 383 75 2 5
359 356 365 100 14 5
359 356 369 59 5 5
872 749 162 564 254 12 5
1032 641 557 564 254 8 5
1032 641 557 567 239 7 5
1032 641 557 568 303 2 5
296 1034 1050 425 8 5
537 1118 1134 71 17 5
390 382 392 141 27 3
296 447 460 266 6 5
4 871 1152 1167 448 1 5
796 783 793 67 1 1
4 87 99 421 7 5
4 1092 1102 181 12 5
416 1151 1165 315 7 5
1032 641 130 131 134 170 584 346 2 5
1032 641 52 51 175 181 66 1 5
359 1058 1071 902 155 192 15 5
1032 641 52 51 61 439 1 5
1032 225 579 599 236 17 5
359 995 193 205 110 301 3 5
934 914 557 568 303 19 5
1032 641 525 247 258 457 2 5
416 1017 1171 1081 1085 226 4 5
556 1015 132 165 460 4 5
296 330 340 336 936 332 2 5
577 670 771 779 148 8 5
288 31 521 259 28 10 0
617 611 614 46 53 20 4
4 87 228 241 762 142 3 5
361 355 448 498 511 31 1 5
4 871 85 86 95 237 8 5
4 611 614 46 53 3 5
594 578 620 51 61 439 13 5
361 355 1150 1158 424 4 5
640 436 398 412 392 9 5
640 870 1031 958 990 51 6 5
1187 177 1186 802 815 9 6 5
804 803 825 118 17 5
1032 641 882 667 682 299 4 5
1187 465 471 284 2 5
556 53 72 382 23 5
4 871 85 333 1119 1136 20 13 5
1187 177 1186 1196 253 12 5
296 246 252 75 360 7 5
470 570 175 181 66 6 5
416 320 326 93 20 5
296 724 380 383 75 19 5
4 805 827 365 100 11 5
725 297 356 369 59 6 5
538 356 369 59 5 5
357 374 761 353 3 5
416 1151 557 568 303 5 5
296 330 338 43 6 5
594 578 620 468 491 278 6 5
4 871 495 505 403 6 5
697 696 626 633 208 4 5
1187 626 633 208 5 5
470 913 932 468 15 5
804 1033 1034 1050 425 1 5
883 1118 1134 71 1 5
126 134 132 165 460 6 5
470 570 698 395 399 444 10 5
4 466 480 144 7 5
594 578 593 0 17 5
1109 259 28 10 5
1109 1136 20 30 5
993 684 415 29 5
993 1178 429 9 5
783 793 67 15 5
537 552 179 11 5
452 657 113 27 5
373 319 32 12 5
357 375 143 2 5
306 460 266 38 4
65 1124 311 44 3
416 1017 1001 698 395 399 444 1 5
894 881 36 627 636 384 12 4
688 354 1010 22 37 420 2 4
1187 177 1186 575 582 928 15 3 5
594 578 951 958 990 51 1 5
1187 177 950 132 165 460 4 5
538 193 205 110 301 3 5
538 193 844 866 168 15 5
452 445 468 491 278 12 5
1187 177 1186 575 583 348 16 5
538 356 498 511 31 29 5
296 724 720 727 197 8 5
666 415 106 111 318 4 5
416 1017 1171 1178 429 24 5
1080 212 220 437 6 5
1032 225 229 269 11 5
697 995 781 786 416 3 5
640 643 655 164 18 5
640 643 657 113 9 5
615 174 1156 412 2 1
538 193 208 121 10 5
296 310 226 844 866 168 4 5
538 870 176 185 477 11 5
725 191 198 330 28 5
733 723 736 56 9 2
296 310 782 791 156 4 5
702 1042 832 350 14 0
783 45 1056 1066 125 22 5
0 5 805 827 365 100 4 5
537 1000 751 759 439 55 7 5
721 131 751 759 439 55 13 4
296 303 1139 151 6 5
594 578 575 583 348 9 5
577 578 575 583 348 2 5
610 751 758 451 11 5
804 1033 1034 1051 263 9 5
1090 276 286 213 8 5
296 447 462 462 27 5
4 871 1152 1168 105 7 5
133 167 208 121 49 5
697 995 997 277 1 5
556 995 997 277 15 5
126 134 170 325 23 5
556 576 590 120 8 5
373 347 981 116 8 5
126 1116 1126 157 20 5
515 106 111 318 5 5
725 466 480 144 5 5
538 3 20 228 18 5
4 6 34 52 8 5
0 447 462 462 1 5
1090 536 549 171 19 5
1103 230 381 11 3
940 491 278 33 5
700 1026 199 12 2
617 96 61 1 4
602 991 316 11 0
537 551 112 42 5
513 663 6 13 0
306 142 134 12 4
215 527 248 9 1
126 147 152 15 5
65 14 317 39 3
783 50 54 55 77 356 1 5
783 915 910 55 77 356 8 5
610 620 51 59 43 131 2 5
126 620 51 59 43 131 10 5
894 881 36 40 419 11 4
1080 212 1056 1066 125 9 5
725 466 952 967 205 7 5
526 466 952 967 205 18 5
1070 693 157 23 4 2
1187 177 950 959 26 5 5
526 525 496 506 11 6 5
1080 845 844 866 168 22 5
538 870 176 186 473 10 5
666 667 682 299 29 5
556 781 786 416 14 5
1080 845 868 94 14 5
697 696 418 426 4 9 5
610 696 418 426 4 4 5
610 751 757 428 182 12 5
296 310 782 790 72 3 5
452 984 832 350 14 5
669 555 1056 1066 125 4 5
725 722 730 240 8 5
357 372 712 376 2 5
556 1015 1020 174 1 5
577 670 692 14 11 5
295 958 990 51 1 5
357 1186 770 773 449 5 5
295 525 770 773 449 15 5
721 835 770 773 449 7 4
515 770 773 449 11 5
725 247 258 457 10 5
556 193 208 121 8 5
538 870 875 73 1 5
577 578 576 590 120 1 5
295 1171 1177 90 23 5
1090 106 111 318 1 5
245 250 272 433 24 5
4 87 228 244 411 227 3 5
610 720 727 197 7 5
894 473 294 6 4
767 1046 242 40 4
390 419 83 21 3
357 374 454 42 5
343 855 399 19 2
236 747 422 18 3
416 1017 1001 698 395 403 1137 109 1 5
1032 130 131 751 757 428 182 3 5
1032 105 246 252 75 360 8 5
1032 130 131 751 755 40 4 5
1032 105 246 257 354 5 5
783 105 246 257 354 17 5
556 193 55 76 308 3 5
556 193 192 204 328 1 5
894 881 36 41 262 3 4
1080 212 806 831 251 9 5
733 723 55 76 308 4 2
733 723 55 80 329 4 2
295 525 611 618 126 1 5
295 780 611 618 126 3 5
78 651 558 1063 291 7 5
526 466 952 969 359 7 5
697 1170 210 1016 1026 199 6 5
1090 952 969 359 21 5
883 802 801 811 371 11 5
783 50 57 97 22 5
725 744 142 134 30 5
1090 1093 1105 369 6 5
1090 1150 1156 412 9 5
577 592 1164 50 12 5
126 620 882 898 244 9 5
538 643 657 113 21 5
1080 1030 1038 173 17 5
669 176 186 473 14 5
669 176 187 476 20 5
556 53 71 405 12 5
721 45 880 892 394 19 4
650 642 652 149 25 4
804 555 1056 1066 125 6 5
526 311 318 297 15 5
721 45 581 606 342 18 4
538 581 606 342 4 5
1002 1012 383 75 23 5
1002 1081 1086 285 4 5
640 436 442 322 8 5
721 885 908 216 6 4
526 466 1094 1113 170 1 5
1090 1094 1113 170 12 5
296 330 339 107 14 5
359 379 755 40 2 5
515 751 755 40 18 5
537 1000 1003 39 13 5
416 320 324 7 9 5
700 695 705 77 2 2
1080 381 388 180 7 5
610 696 708 396 9 5
126 620 625 628 423 8 5
1032 130 125 135 249 7 5
1032 130 160 243 4 5
126 227 237 292 4 5
126 535 543 128 4 5
1090 106 110 301 25 5
359 611 618 126 7 5
107 228 244 411 227 11 5
1070 693 432 19 2
984 832 350 27 5
979 1135 458 38 1
470 465 473 294 14 5
783 797 183 4 5
683 964 130 8 2
650 765 29 25 4
357 372 991 316 14 5
295 958 991 316 15 5
394 1098 286 23 3
725 747 422 15 5
4 21 459 18 5
1080 1084 240 227 237 292 1 5
783 915 912 695 705 77 21 5
556 781 358 377 188 12 5
1032 225 579 598 453 10 5
470 465 396 408 224 3 5
1080 85 333 1119 1115 1123 65 2 5
107 752 1119 1115 1123 65 3 5
835 770 1150 1156 412 2 5
783 884 396 408 224 15 5
295 958 227 237 292 18 5
359 127 128 157 23 7 5
1002 1081 910 918 386 7 5
1090 952 966 502 345 7 5
526 297 1016 1026 199 6 5
1090 952 963 436 17 5
1002 1010 22 298 36 5
641 882 898 244 9 5
556 193 207 214 19 5
361 355 448 464 70 22 5
515 667 682 299 6 5
126 620 1059 1078 195 5 5
577 578 579 598 453 2 5
733 723 737 235 5 2
296 310 842 854 123 2 5
641 557 569 351 5 5
835 468 486 92 15 5
804 1033 1034 1052 69 7 5
245 397 1034 1052 69 3 5
295 211 217 255 5 5
526 297 309 375 17 5
641 320 324 7 12 5
835 88 1185 1191 122 7 5
245 397 275 284 221 8 5
835 275 284 221 6 5
177 381 388 180 6 5
133 803 820 391 24 5
0 1017 1001 1007 185 24 5
666 674 237 292 4 5
107 516 535 543 128 10 5
835 350 351 370 14 5
107 516 522 271 5 5
107 516 523 110 23 5
45 880 892 394 10 5
515 627 311 317 1072 357 7 5
45 1058 1073 81 3 5
45 1171 1182 225 2 5
556 562 726 108 12 5
1110 943 38 23 2
1103 334 222 21 3
1019 769 362 13 1
984 218 234 8 5
934 433 390 8 5
796 1146 147 10 1
107 86 96 61 6 5
45 86 96 61 27 5
575 583 348 15 3
513 1142 434 5 0
359 611 435 437 217 5 5
314 511 31 17 4
314 816 402 25 4
103 1053 159 18 1
92 849 257 22 2
934 914 278 294 797 183 5 5
783 915 937 944 460 266 5 5
883 176 278 294 797 183 24 5
641 130 131 134 169 200 3 5
1080 212 331 345 58 1 5
666 415 108 118 169 4 5
295 780 108 118 169 5 5
526 297 227 237 292 2 5
883 176 321 328 367 8 5
0 1017 1001 698 712 376 15 5
107 516 535 698 712 376 3 5
641 52 435 437 217 23 5
45 176 321 328 367 11 5
0 5 31 521 259 28 7 5
295 525 1091 1099 361 1 5
296 724 917 947 178 7 5
883 802 801 810 231 4 5
615 404 983 165 3 1
538 643 660 406 9 5
1080 1030 1037 140 5 5
495 1030 1037 140 17 5
470 465 472 89 9 5
835 382 332 346 3 8 5
610 277 333 332 346 3 14 5
526 356 364 104 9 5
783 884 905 378 7 5
295 53 71 405 2 5
804 555 561 275 15 5
515 249 267 117 8 5
640 275 284 221 10 5
0 1017 1001 1006 280 5 5
526 995 998 135 249 11 5
883 902 155 192 1 5
515 627 55 79 250 14 5
641 52 64 407 10 5
835 770 191 134 169 200 16 5
725 770 191 134 169 200 2 5
537 770 191 134 169 200 2 5
1002 276 287 88 14 5
409 396 408 224 5 4
640 436 444 202 6 5
575 436 444 202 14 3
452 445 451 34 8 5
409 510 567 239 9 4
470 557 569 351 7 5
835 695 705 77 1 5
470 913 931 363 6 5
883 902 1071 276 10 5
359 611 619 48 17 5
610 805 828 373 4 5
1080 228 244 411 227 6 5
361 244 411 227 12 5
847 972 287 29 2
721 729 162 6 4
683 171 68 13 2
615 174 470 30 1
575 586 80 25 3
161 795 8 21 2
1080 212 806 834 184 10 5
295 780 108 122 302 1 5
783 105 246 248 264 326 1 5
495 51 246 248 264 326 6 5
641 130 131 162 365 16 5
495 1055 570 571 218 8 5
177 350 771 777 430 6 5
1080 228 2 13 247 13 5
526 297 1016 1025 119 6 5
126 620 570 571 218 2 5
107 516 841 850 398 3 5
575 912 911 921 461 4 3
1090 952 966 86 2 5
934 74 663 6 19 5
617 879 967 205 2 4
575 912 925 223 20 3
577 578 576 589 465 15 5
45 1152 332 346 3 2 5
495 418 427 37 8 5
296 310 842 853 296 11 5
1090 106 175 183 441 20 5
526 331 345 58 6 5
835 468 487 229 9 5
296 842 853 296 2 5
245 397 1034 1047 479 3 5
610 696 248 264 326 17 5
221 212 222 435 25 1
0 1017 469 492 347 1 5
526 910 918 386 2 5
641 130 125 139 12 16 5
177 950 132 163 209 3 5
177 950 132 164 102 17 5
177 950 132 166 279 7 5
45 1058 132 166 279 10 5
697 1170 1173 472 27 5
641 52 68 187 9 5
359 611 36 42 5 5 5
515 36 42 5 18 5
1002 276 290 79 12 5
107 516 524 395 3 5
1002 557 569 351 2 5
835 695 701 154 23 5
515 751 759 428 18 5
107 752 762 142 25 5
883 771 777 430 11 5
556 781 788 290 1 5
610 1094 806 834 184 1 5
835 1092 1100 418 10 5
0 447 1 11 259 8 5
537 570 571 218 22 5
537 570 573 397 15 5
359 570 573 397 8 5
416 1151 1164 50 26 5
1184 1088 352 18 3
725 247 259 28 19 5
996 455 191 16 3
495 418 433 390 22 5
783 794 372 9 5
783 798 471 2 5
656 673 349 24 3
575 582 175 22 3
389 649 258 19 4
295 300 145 20 5
274 928 15 41 4
112 920 260 22 1
78 1004 310 31 5
556 193 190 195 36 1 5
1002 722 751 759 428 10 5
804 555 626 632 114 12 5
1080 85 87 97 463 16 5
45 176 278 293 241 10 5
177 350 498 514 383 19 5
526 395 403 167 17 5
835 382 393 682 299 5 5
177 350 1121 1149 410 10 5
470 841 850 398 41 5
1090 106 175 184 267 3 5
245 106 175 184 267 2 5
835 175 184 267 1 5
577 670 691 368 7 5
495 51 246 252 96 3 5
60 51 246 252 96 9 3
515 249 269 274 2 5
470 469 492 347 10 5
641 130 125 138 158 5 5
158 129 125 138 158 17 1
526 955 983 165 1 5
495 497 508 440 10 5
107 915 938 203 14 5
1002 557 108 121 215 23 5
177 805 108 121 215 2 5
107 108 121 215 3 5
1032 225 232 475 2 5
452 445 453 374 24 5
295 525 528 452 2 5
177 525 528 452 7 5
1002 557 563 190 12 5
1002 557 565 17 7 5
610 1094 806 830 220 2 5
610 1094 806 833 136 26 5
45 880 893 193 7 5
526 995 998 24 20 5
697 1016 1025 119 3 5
537 1016 1025 119 5 5
537 1016 1028 393 3 5
515 1016 1028 393 22 5
45 1034 1047 479 9 5
45 1056 1063 291 6 5
641 698 712 376 13 5
0 447 463 201 2 5
835 536 547 282 18 5
470 536 547 282 8 5
221 212 218 234 14 1
970 93 268 13 0
641 320 278 293 241 27 5
495 1171 278 293 241 1 5
934 74 252 28 5
819 195 36 43 2
177 350 1121 1146 147 3 5
725 748 270 20 5
872 749 387 36 5
721 728 312 38 4
640 275 753 765 29 7 5
610 612 1 30 5
597 294 45 33 4
597 1145 133 43 4
594 582 175 44 5
495 502 345 32 5
409 510 238 38 4
126 142 134 23 5
126 144 321 21 5
177 1000 1004 310 20 5
60 998 24 49 3
45 48 327 6 5
4 22 298 26 5
526 395 401 232 1 5
515 667 681 124 15 5
883 802 818 323 8 5
470 465 476 16 21 5
515 246 252 96 6 5
640 275 281 176 17 5
221 212 224 60 9 1
177 175 184 267 7 5
177 1117 1132 41 22 5
359 127 151 98 31 5
835 497 508 440 15 5
107 915 936 332 27 5
641 52 66 103 2 5
495 225 232 475 17 5
107 752 761 353 14 5
610 277 292 87 11 5
526 466 481 18 5 5
538 3 19 47 14 5
0 5 28 314 29 5
495 225 230 381 26 5
996 454 377 33 3
1080 85 93 268 12 5
907 948 417 25 0
940 473 294 22 5
819 13 247 13 2
177 190 195 36 8 5
733 57 97 10 2
683 1162 150 12 2
659 286 213 25 0
617 879 30 22 4
458 980 340 22 2
314 1079 42 12 4
295 298 320 4 5
361 244 364 35 5
177 525 527 248 13 5
92 1107 91 29 2
60 983 165 42 3
49 586 80 20 2
45 47 85 6 5
1184 727 197 15 3
1076 595 319 21 0
714 430 78 43 5
688 77 356 45 4
389 966 86 16 4
295 299 198 34 5
270 789 443 22 1
783 795 8 1 5
78 651 385 36 5
49 371 334 19 2
45 46 53 41 5
1184 305 58 3
1110 57 44 2
1109 146 110 5
1103 341 66 3
1070 160 46 2
1069 306 37 3
1060 289 47 1
1019 186 24 1
993 62 66 5
984 177 115 5
940 300 87 5
934 446 71 5
894 212 59 4
872 46 55 5
847 13 30 2
796 307 18 1
767 400 83 4
714 207 86 5
700 63 45 2
688 44 65 4
683 324 33 2
656 447 55 3
650 25 50 4
617 95 41 4
597 22 47 4
594 264 60 5
588 206 12 0
458 478 41 2
452 115 55 5
409 413 73 4
394 338 54 3
390 138 29 3
389 456 71 4
373 161 102 5
361 49 56 5
343 163 32 2
314 129 40 4
306 273 59 4
274 389 84 4
242 211 101 4
236 172 41 3
215 189 22 1
161 54 32 2
158 261 21 1
112 64 23 1
103 442 20 1
78 155 76 5
49 304 28 2
